2513374559
3213464609
3855563777
2871124834
3491093606
2055431256
3488967970
2980561695
2301716770
1839145308
2771996931
2557368473
4250898197
2349039907
1409434612
1996383693
16857532
428555695
175139325
2426435507
1126362634
2951907886
2718633992
3623060025
3572324821
1792736589
3901926084
2515525440
2781361954
2532911786
2603987729
2820423829
342443803
597729668
683782732
2902218126
3232474594
4232621356
939047035
520236118
174746291
854628221
4074651292
2878526228
3268469088
116407607
2806035719
4159139964
1559672702
2117421900
2413983596
331959041
1543986216
40329405
4241339433
2361130338
1150171990
798497445
2973350776
3721077159
3067936852
357314896
3787860189
2328889646
4086285910
1711734986
724656064
3049188203
1126231403
2761474156
3521487897
2799867023
830465623
3748759419
1067740773
441628052
2203837486
282673290
2606148253
497774407
1009414727
3338445620
2772689138
2219534149
1816691064
123641995
2827039334
413883746
3787111235
2145267424
2446348236
1986552523
3648991374
2836775937
2551837913
2581307118
1278828229
424482465
2019700139
326372440
1149223702
89865088
2879545934
3582486826
3538589282
3120347025
2601227738
246063636
1706853351
2676418920
3807452461
3852845543
938493174
573672386
1262505484
3883240148
716442891
4162415710
576230686
1229894893
2716220998
1787515767
3454017638
1578580346
3926330091
107278097
2064849748
910660789
2478217398
1976617601
2715870669
3393257588
3336618220
2380240148
3471053383
2976316122
796756685
4149053190
1423731554
3054434579
1793287206
3521693383
3661141258
4042857284
23704623
2811825589
